Running testCases/test-1.txt
200000 1 1 3 7 5 
TotCPUTime: 0.00 sec +  0.00 sec
Running testCases/test-2.txt
900000 0 0 0 0 36 11 14 5 34 4 32 16 43 7 29 5 1 19 40 26 32 29 11 50 31 3 46 1 39 41 
TotCPUTime: 0.00 sec +  0.03 sec
Running testCases/test-3.txt
1750000 1 9 41 1 38 8 6 24 10 12 6 39 7 26 21 37 31 22 19 45 5 1 2 38 3 48 24 16 5 5 3 6 40 85 55 65 65 7 79 24 85 22 76 15 8 54 77 16 2 79 
TotCPUTime: 0.00 sec +  0.11 sec
Running testCases/test-4.txt
2500000 63 22 53 1 24 10 4 6 55 23 88 4 8 38 1 5 20 119 36 14 61 3 132 68 115 17 23 53 16 28 78 39 1 20 63 100 84 9 78 1 5 1 14 29 36 22 4 24 70 58 2 4 69 32 4 3 5 4 63 114 22 134 16 131 125 103 5 95 96 93 17 80 41 73 9 48 80 63 134 81 74 88 57 92 88 18 43 122 77 42 6 87 44 41 96 
TotCPUTime: 0.00 sec +  0.46 sec
