Running testCases/test-1.txt
58 20
114 81 40 71 47 43 58 35 17 22 77 56 3 68 49 21 32 91 72 3 24 23 33 1 3 35 86 68 46 37 49 56 17 40 26 63 82 35 49 98 9 78 5 11 45 6 31 76 96 54 30 71 28 14 23 31 48 8 50 93 96 98 49 13 37 74 27 70 61 76 20 69 53 76 79 97 81 10 24 28 63 6 99 91 19 21 73 67 81 74 59 76 71 7 40 59 33 67 80 93 42 99 13 46 27 91 94 59 52 69 87 67 74 37 9
144 9 81 59 41 54 69 69 76 28 8 86 60 74 65 4 67 16 16 12 42 58 57 100 62 26 38 28 99 26 36 43 35 68 53 75 73 22 43 48 49 51 33 60 76 49 15 43 64 82 6 57 39 15 9 100 40 46 79 90 24 14 33 58 81 85 84 53 58 27 52 58 29 84 17 4 85 83 98 48 64 56 5 55 22 13 6 61 10 85 2 33 50 34 42 83 71 26 35 80 4 39 38 32 74 6 87 58 41 37 6 4 44 62 58 65 26 16 25 87 100 26 20 49 12 13 31 34 38 18 13 41 8 2 24 81 60 11 91 100 99 96 3 42 9
137 6 34 80 82 72 79 59 43 79 70 56 62 55 45 31 20 86 38 21 61 70 80 71 60 31 69 7 86 62 15 50 67 100 29 48 72 7 7 14 37 28 69 98 83 66 28 2 51 17 74 63 87 6 86 46 36 6 53 21 68 67 70 34 19 98 34 90 56 40 55 45 19 76 42 1 41 22 54 43 38 28 5 24 33 90 22 68 48 74 41 15 92 62 48 10 12 33 51 19 24 58 63 43 33 57 43 25 78 97 67 67 76 23 43 8 65 64 27 12 37 19 26 28 81 25 90 92 58 92 10 81 49 25 75 81 81 18
110 58 66 23 76 41 98 18 100 62 81 26 73 17 45 50 97 77 26 38 20 35 29 81 16 78 5 90 10 85 59 67 94 76 41 70 16 38 87 67 51 68 45 75 36 89 24 84 17 50 73 36 84 2 16 51 31 73 93 92 57 3 10 3 79 51 72 46 40 10 13 91 29 57 65 65 97 41 100 65 42 73 100 77 26 67 80 56 91 24 99 100 26 9 2 56 11 25 2 50 34 66 92 63 74 57 79 22 49 30 86
136 2 37 18 79 55 97 34 46 20 85 45 98 45 98 53 55 22 6 4 7 23 48 21 48 4 99 69 4 81 6 93 82 94 62 61 1 59 46 46 30 82 42 27 26 39 80 80 60 85 36 66 60 83 87 7 38 37 76 41 17 33 85 51 27 46 63 27 56 60 24 86 42 65 12 19 55 43 51 14 80 86 31 39 20 69 45 9 58 72 1 26 5 37 76 83 34 90 61 90 2 36 27 95 52 38 13 6 81 63 71 12 100 1 50 19 22 94 79 79 18 79 4 74 15 32 56 49 21 68 90 22 55 16 16 6 5
107 11 37 43 81 48 95 33 97 65 54 43 44 32 60 74 88 85 89 19 40 89 39 59 30 13 13 97 80 70 1 60 80 38 55 12 37 49 96 34 13 50 28 8 33 39 82 20 23 22 38 14 10 29 24 91 41 36 87 72 57 87 84 36 76 38 99 13 38 94 98 50 95 77 58 28 15 91 47 89 12 37 2 73 65 77 63 57 12 49 28 20 87 63 7 15 100 5 27 89 50 76 91 45 52 100 72 66
110 70 6 1 6 59 73 70 35 35 78 98 35 58 17 73 20 23 87 72 27 65 60 28 40 50 72 91 49 95 8 38 65 13 90 70 71 62 92 5 48 69 2 34 26 18 59 46 40 45 69 18 62 28 46 1 78 69 44 78 64 51 68 28 16 57 49 86 71 40 43 70 9 44 4 86 14 62 83 5 58 51 23 71 79 20 72 8 88 67 37 51 69 56 78 84 65 27 70 35 18 64 4 78 7 59 64 72 72 98 77
120 49 99 52 79 70 75 38 57 41 26 8 10 82 37 93 46 15 14 80 33 77 35 10 36 46 25 7 17 23 83 98 23 33 50 1 2 24 90 59 17 15 18 26 96 54 70 41 21 36 72 53 12 59 14 47 4 39 6 20 13 88 70 35 73 71 35 74 46 76 84 62 90 1 39 38 7 9 78 27 44 2 31 7 60 44 6 15 34 11 86 46 50 55 80 22 25 66 48 23 41 31 84 83 32 23 20 90 83 49 16 78 2 98 84 61 41 89 27 27 51
108 72 53 19 4 74 96 69 21 18 62 4 1 44 35 75 15 24 9 63 91 86 65 88 22 77 80 62 56 6 13 68 78 65 86 33 90 33 1 63 50 14 66 3 9 52 29 23 27 38 38 17 23 54 56 44 82 35 6 37 93 70 4 22 86 42 54 27 74 54 89 76 68 6 30 76 57 58 51 83 95 88 51 70 93 6 65 74 93 22 11 85 91 14 6 28 7 59 55 33 64 95 8 83 1 89 11 57 46
134 92 93 100 42 14 92 100 78 65 92 100 75 76 42 41 81 22 47 91 76 31 54 70 90 37 22 78 47 79 24 7 22 68 58 63 81 49 62 58 13 53 9 40 80 3 80 60 76 78 2 3 9 56 24 98 92 46 76 38 76 51 96 97 70 53 59 50 1 73 59 65 77 20 56 57 74 35 68 49 65 70 51 25 25 74 22 68 19 49 5 94 51 52 42 20 4 1 69 56 25 80 20 1 99 76 9 72 62 29 72 78 98 22 2 74 47 76 41 66 76 97 11 27 48 53 98 3 5 67 58 29 98 29 81
119 56 42 19 18 70 90 47 67 63 49 92 9 24 84 74 51 80 37 77 79 41 75 81 45 93 90 25 90 18 57 37 74 98 7 43 67 48 89 85 10 89 28 18 64 11 44 15 42 32 91 20 72 17 52 68 61 41 92 2 59 100 38 84 98 96 26 16 43 66 53 4 55 32 22 70 43 17 84 84 48 27 4 71 95 7 38 56 48 81 57 58 80 47 41 29 42 18 97 37 83 1 40 89 32 13 11 74 81 94 10 80 72 65 50 67 71 39 22 18
150 78 75 51 24 67 79 18 84 27 6 19 27 45 59 59 10 69 84 90 15 93 70 86 57 71 52 80 10 73 97 28 3 24 78 78 42 9 47 26 35 52 96 14 97 6 72 6 75 7 47 89 52 68 26 60 39 78 39 48 2 88 27 56 11 57 34 52 17 80 29 3 32 76 16 80 82 87 37 56 46 83 96 97 51 21 56 41 50 95 40 4 82 18 59 44 74 92 47 42 24 28 45 7 3 60 86 84 99 74 91 44 8 38 40 58 11 95 50 60 41 89 63 74 7 22 17 32 65 64 74 40 43 18 46 45 29 83 81 27 56 71 22 64 9 61 73 19 8 23 30
140 63 93 74 69 66 42 53 82 5 26 22 47 95 19 44 75 2 24 2 9 46 75 24 54 88 49 24 95 23 54 46 85 98 19 6 15 61 58 48 17 83 69 16 29 40 11 3 93 34 56 1 79 31 77 85 18 25 60 64 47 13 61 31 62 80 36 28 92 93 76 60 27 96 27 7 35 37 62 27 70 17 80 1 99 56 85 68 80 44 83 26 9 44 8 22 75 44 50 66 88 77 25 67 72 52 25 7 40 86 85 10 55 64 62 53 71 98 73 50 41 55 27 1 98 35 75 72 78 76 89 17 52 66 83 23 69 8 81 8 45
101 69 99 81 30 4 52 27 76 53 20 82 80 72 32 14 46 3 43 21 44 59 24 9 94 47 77 53 79 36 97 96 5 48 29 86 51 32 13 78 84 84 11 63 55 42 76 1 45 18 73 40 29 97 48 22 95 76 26 73 11 22 21 67 69 49 53 71 80 17 100 63 100 11 78 54 52 5 6 48 75 31 87 3 27 86 76 73 13 1 45 76 74 17 42 95 65 46 17 96 62 17
101 61 79 88 67 82 44 24 30 18 54 68 72 32 6 99 4 18 99 49 93 73 17 87 19 82 32 35 29 46 51 39 58 29 78 24 63 22 48 44 91 53 63 63 85 68 13 88 38 12 88 30 36 5 68 54 38 100 88 66 45 91 57 2 71 34 78 33 7 77 76 98 29 39 12 13 58 24 53 95 87 40 77 22 44 44 27 33 95 67 99 91 57 55 93 27 40 22 12 47 50 87
100 78 77 7 43 35 30 95 29 69 86 5 90 30 49 69 14 95 35 12 86 91 18 30 69 58 51 80 56 100 19 51 29 47 57 71 81 38 17 62 6 3 66 48 84 66 16 97 61 50 61 46 92 30 75 12 39 77 44 94 28 62 44 56 8 52 79 41 90 95 2 95 49 19 42 32 37 9 81 49 58 93 46 1 22 72 13 61 48 56 6 27 69 2 82 28 53 12 68 42 59
142 89 7 40 82 91 28 91 23 76 100 15 21 1 36 44 65 48 43 72 6 69 40 7 50 67 11 62 87 5 72 7 93 78 98 74 20 25 16 42 52 16 56 24 68 44 67 32 43 9 3 48 77 94 6 79 60 17 92 98 21 63 5 65 92 54 90 12 79 6 53 82 21 9 6 88 4 72 71 46 33 73 46 9 66 3 39 77 19 30 27 91 44 83 55 36 36 45 47 66 50 51 48 22 11 53 9 14 76 79 12 8 3 57 69 20 11 7 96 30 89 74 72 84 56 27 71 92 23 17 57 24 20 56 45 30 8 5 44 36 35 55 43
123 63 63 8 73 22 55 54 62 29 26 45 84 4 16 75 78 84 84 1 3 91 97 33 99 53 28 86 87 34 80 75 48 43 82 20 64 88 26 25 16 3 21 52 58 36 78 35 72 61 87 74 52 35 58 2 87 85 87 25 18 66 99 65 60 32 37 23 19 14 99 87 68 20 38 25 7 15 11 78 28 49 4 31 83 61 32 69 98 70 93 67 87 43 84 99 26 72 21 44 85 72 82 52 43 19 28 49 34 90 79 13 38 82 43 20 94 74 40 91 95 84 10 33
140 93 31 3 64 4 98 48 75 80 51 69 50 30 17 83 19 95 95 56 28 89 27 22 14 18 64 8 53 73 93 30 65 23 84 80 78 81 79 52 12 29 72 62 10 89 44 28 35 91 35 15 79 13 36 93 30 51 52 82 24 44 63 40 19 46 20 96 79 98 100 90 79 71 51 40 11 47 68 46 89 54 60 19 67 47 63 48 97 15 82 72 10 96 64 80 42 35 76 72 84 75 61 14 97 64 54 8 10 73 5 98 26 64 68 44 62 31 92 10 97 25 34 6 20 49 86 13 83 13 84 66 39 97 32 35 60 85 42 69 57
133 18 34 61 85 30 74 15 73 84 63 97 69 21 16 17 6 81 99 70 64 16 8 60 99 94 71 83 36 39 91 33 8 77 46 93 6 71 59 78 6 22 74 74 42 41 90 99 21 40 20 37 8 27 48 6 20 19 41 7 9 31 92 17 59 89 61 64 11 71 41 17 44 66 90 37 59 32 87 31 23 6 19 30 84 67 88 56 37 28 14 45 10 57 13 69 97 25 32 8 96 25 24 91 42 65 28 100 96 14 83 19 20 1 100 55 19 87 10 55 66 24 52 76 80 16 96 77 41 79 84 88 3 59
TotCPUTime: 0.00 sec +  0.00 sec
Running testCases/test-2.txt
58 20
114 81 40 71 47 43 58 35 17 22 77 56 3 68 49 21 32 91 72 3 24 23 33 1 3 35 86 68 46 37 49 56 17 40 26 63 82 35 49 98 9 78 5 11 45 6 31 76 96 54 30 71 28 14 23 31 48 8 50 93 96 98 49 13 37 74 27 70 61 76 20 69 53 76 79 97 81 10 24 28 63 6 99 91 19 21 73 67 81 74 59 76 71 7 40 59 33 67 80 93 42 99 13 46 27 91 94 59 52 69 87 67 74 37 9
144 9 81 59 41 54 69 69 76 28 8 86 60 74 65 4 67 16 16 12 42 58 57 100 62 26 38 28 99 26 36 43 35 68 53 75 73 22 43 48 49 51 33 60 76 49 15 43 64 82 6 57 39 15 9 100 40 46 79 90 24 14 33 58 81 85 84 53 58 27 52 58 29 84 17 4 85 83 98 48 64 56 5 55 22 13 6 61 10 85 2 33 50 34 42 83 71 26 35 80 4 39 38 32 74 6 87 58 41 37 6 4 44 62 58 65 26 16 25 87 100 26 20 49 12 13 31 34 38 18 13 41 8 2 24 81 60 11 91 100 99 96 3 42 9
137 6 34 80 82 72 79 59 43 79 70 56 62 55 45 31 20 86 38 21 61 70 80 71 60 31 69 7 86 62 15 50 67 100 29 48 72 7 7 14 37 28 69 98 83 66 28 2 51 17 74 63 87 6 86 46 36 6 53 21 68 67 70 34 19 98 34 90 56 40 55 45 19 76 42 1 41 22 54 43 38 28 5 24 33 90 22 68 48 74 41 15 92 62 48 10 12 33 51 19 24 58 63 43 33 57 43 25 78 97 67 67 76 23 43 8 65 64 27 12 37 19 26 28 81 25 90 92 58 92 10 81 49 25 75 81 81 18
110 58 66 23 76 41 98 18 100 62 81 26 73 17 45 50 97 77 26 38 20 35 29 81 16 78 5 90 10 85 59 67 94 76 41 70 16 38 87 67 51 68 45 75 36 89 24 84 17 50 73 36 84 2 16 51 31 73 93 92 57 3 10 3 79 51 72 46 40 10 13 91 29 57 65 65 97 41 100 65 42 73 100 77 26 67 80 56 91 24 99 100 26 9 2 56 11 25 2 50 34 66 92 63 74 57 79 22 49 30 86
136 2 37 18 79 55 97 34 46 20 85 45 98 45 98 53 55 22 6 4 7 23 48 21 48 4 99 69 4 81 6 93 82 94 62 61 1 59 46 46 30 82 42 27 26 39 80 80 60 85 36 66 60 83 87 7 38 37 76 41 17 33 85 51 27 46 63 27 56 60 24 86 42 65 12 19 55 43 51 14 80 86 31 39 20 69 45 9 58 72 1 26 5 37 76 83 34 90 61 90 2 36 27 95 52 38 13 6 81 63 71 12 100 1 50 19 22 94 79 79 18 79 4 74 15 32 56 49 21 68 90 22 55 16 16 6 5
107 11 37 43 81 48 95 33 97 65 54 43 44 32 60 74 88 85 89 19 40 89 39 59 30 13 13 97 80 70 1 60 80 38 55 12 37 49 96 34 13 50 28 8 33 39 82 20 23 22 38 14 10 29 24 91 41 36 87 72 57 87 84 36 76 38 99 13 38 94 98 50 95 77 58 28 15 91 47 89 12 37 2 73 65 77 63 57 12 49 28 20 87 63 7 15 100 5 27 89 50 76 91 45 52 100 72 66
110 70 6 1 6 59 73 70 35 35 78 98 35 58 17 73 20 23 87 72 27 65 60 28 40 50 72 91 49 95 8 38 65 13 90 70 71 62 92 5 48 69 2 34 26 18 59 46 40 45 69 18 62 28 46 1 78 69 44 78 64 51 68 28 16 57 49 86 71 40 43 70 9 44 4 86 14 62 83 5 58 51 23 71 79 20 72 8 88 67 37 51 69 56 78 84 65 27 70 35 18 64 4 78 7 59 64 72 72 98 77
120 49 99 52 79 70 75 38 57 41 26 8 10 82 37 93 46 15 14 80 33 77 35 10 36 46 25 7 17 23 83 98 23 33 50 1 2 24 90 59 17 15 18 26 96 54 70 41 21 36 72 53 12 59 14 47 4 39 6 20 13 88 70 35 73 71 35 74 46 76 84 62 90 1 39 38 7 9 78 27 44 2 31 7 60 44 6 15 34 11 86 46 50 55 80 22 25 66 48 23 41 31 84 83 32 23 20 90 83 49 16 78 2 98 84 61 41 89 27 27 51
108 72 53 19 4 74 96 69 21 18 62 4 1 44 35 75 15 24 9 63 91 86 65 88 22 77 80 62 56 6 13 68 78 65 86 33 90 33 1 63 50 14 66 3 9 52 29 23 27 38 38 17 23 54 56 44 82 35 6 37 93 70 4 22 86 42 54 27 74 54 89 76 68 6 30 76 57 58 51 83 95 88 51 70 93 6 65 74 93 22 11 85 91 14 6 28 7 59 55 33 64 95 8 83 1 89 11 57 46
134 92 93 100 42 14 92 100 78 65 92 100 75 76 42 41 81 22 47 91 76 31 54 70 90 37 22 78 47 79 24 7 22 68 58 63 81 49 62 58 13 53 9 40 80 3 80 60 76 78 2 3 9 56 24 98 92 46 76 38 76 51 96 97 70 53 59 50 1 73 59 65 77 20 56 57 74 35 68 49 65 70 51 25 25 74 22 68 19 49 5 94 51 52 42 20 4 1 69 56 25 80 20 1 99 76 9 72 62 29 72 78 98 22 2 74 47 76 41 66 76 97 11 27 48 53 98 3 5 67 58 29 98 29 81
119 56 42 19 18 70 90 47 67 63 49 92 9 24 84 74 51 80 37 77 79 41 75 81 45 93 90 25 90 18 57 37 74 98 7 43 67 48 89 85 10 89 28 18 64 11 44 15 42 32 91 20 72 17 52 68 61 41 92 2 59 100 38 84 98 96 26 16 43 66 53 4 55 32 22 70 43 17 84 84 48 27 4 71 95 7 38 56 48 81 57 58 80 47 41 29 42 18 97 37 83 1 40 89 32 13 11 74 81 94 10 80 72 65 50 67 71 39 22 18
150 78 75 51 24 67 79 18 84 27 6 19 27 45 59 59 10 69 84 90 15 93 70 86 57 71 52 80 10 73 97 28 3 24 78 78 42 9 47 26 35 52 96 14 97 6 72 6 75 7 47 89 52 68 26 60 39 78 39 48 2 88 27 56 11 57 34 52 17 80 29 3 32 76 16 80 82 87 37 56 46 83 96 97 51 21 56 41 50 95 40 4 82 18 59 44 74 92 47 42 24 28 45 7 3 60 86 84 99 74 91 44 8 38 40 58 11 95 50 60 41 89 63 74 7 22 17 32 65 64 74 40 43 18 46 45 29 83 81 27 56 71 22 64 9 61 73 19 8 23 30
140 63 93 74 69 66 42 53 82 5 26 22 47 95 19 44 75 2 24 2 9 46 75 24 54 88 49 24 95 23 54 46 85 98 19 6 15 61 58 48 17 83 69 16 29 40 11 3 93 34 56 1 79 31 77 85 18 25 60 64 47 13 61 31 62 80 36 28 92 93 76 60 27 96 27 7 35 37 62 27 70 17 80 1 99 56 85 68 80 44 83 26 9 44 8 22 75 44 50 66 88 77 25 67 72 52 25 7 40 86 85 10 55 64 62 53 71 98 73 50 41 55 27 1 98 35 75 72 78 76 89 17 52 66 83 23 69 8 81 8 45
101 69 99 81 30 4 52 27 76 53 20 82 80 72 32 14 46 3 43 21 44 59 24 9 94 47 77 53 79 36 97 96 5 48 29 86 51 32 13 78 84 84 11 63 55 42 76 1 45 18 73 40 29 97 48 22 95 76 26 73 11 22 21 67 69 49 53 71 80 17 100 63 100 11 78 54 52 5 6 48 75 31 87 3 27 86 76 73 13 1 45 76 74 17 42 95 65 46 17 96 62 17
101 61 79 88 67 82 44 24 30 18 54 68 72 32 6 99 4 18 99 49 93 73 17 87 19 82 32 35 29 46 51 39 58 29 78 24 63 22 48 44 91 53 63 63 85 68 13 88 38 12 88 30 36 5 68 54 38 100 88 66 45 91 57 2 71 34 78 33 7 77 76 98 29 39 12 13 58 24 53 95 87 40 77 22 44 44 27 33 95 67 99 91 57 55 93 27 40 22 12 47 50 87
100 78 77 7 43 35 30 95 29 69 86 5 90 30 49 69 14 95 35 12 86 91 18 30 69 58 51 80 56 100 19 51 29 47 57 71 81 38 17 62 6 3 66 48 84 66 16 97 61 50 61 46 92 30 75 12 39 77 44 94 28 62 44 56 8 52 79 41 90 95 2 95 49 19 42 32 37 9 81 49 58 93 46 1 22 72 13 61 48 56 6 27 69 2 82 28 53 12 68 42 59
142 89 7 40 82 91 28 91 23 76 100 15 21 1 36 44 65 48 43 72 6 69 40 7 50 67 11 62 87 5 72 7 93 78 98 74 20 25 16 42 52 16 56 24 68 44 67 32 43 9 3 48 77 94 6 79 60 17 92 98 21 63 5 65 92 54 90 12 79 6 53 82 21 9 6 88 4 72 71 46 33 73 46 9 66 3 39 77 19 30 27 91 44 83 55 36 36 45 47 66 50 51 48 22 11 53 9 14 76 79 12 8 3 57 69 20 11 7 96 30 89 74 72 84 56 27 71 92 23 17 57 24 20 56 45 30 8 5 44 36 35 55 43
123 63 63 8 73 22 55 54 62 29 26 45 84 4 16 75 78 84 84 1 3 91 97 33 99 53 28 86 87 34 80 75 48 43 82 20 64 88 26 25 16 3 21 52 58 36 78 35 72 61 87 74 52 35 58 2 87 85 87 25 18 66 99 65 60 32 37 23 19 14 99 87 68 20 38 25 7 15 11 78 28 49 4 31 83 61 32 69 98 70 93 67 87 43 84 99 26 72 21 44 85 72 82 52 43 19 28 49 34 90 79 13 38 82 43 20 94 74 40 91 95 84 10 33
140 93 31 3 64 4 98 48 75 80 51 69 50 30 17 83 19 95 95 56 28 89 27 22 14 18 64 8 53 73 93 30 65 23 84 80 78 81 79 52 12 29 72 62 10 89 44 28 35 91 35 15 79 13 36 93 30 51 52 82 24 44 63 40 19 46 20 96 79 98 100 90 79 71 51 40 11 47 68 46 89 54 60 19 67 47 63 48 97 15 82 72 10 96 64 80 42 35 76 72 84 75 61 14 97 64 54 8 10 73 5 98 26 64 68 44 62 31 92 10 97 25 34 6 20 49 86 13 83 13 84 66 39 97 32 35 60 85 42 69 57
133 18 34 61 85 30 74 15 73 84 63 97 69 21 16 17 6 81 99 70 64 16 8 60 99 94 71 83 36 39 91 33 8 77 46 93 6 71 59 78 6 22 74 74 42 41 90 99 21 40 20 37 8 27 48 6 20 19 41 7 9 31 92 17 59 89 61 64 11 71 41 17 44 66 90 37 59 32 87 31 23 6 19 30 84 67 88 56 37 28 14 45 10 57 13 69 97 25 32 8 96 25 24 91 42 65 28 100 96 14 83 19 20 1 100 55 19 87 10 55 66 24 52 76 80 16 96 77 41 79 84 88 3 59
TotCPUTime: 0.00 sec +  0.00 sec
Running testCases/test-3.txt
58 20
114 81 40 71 47 43 58 35 17 22 77 56 3 68 49 21 32 91 72 3 24 23 33 1 3 35 86 68 46 37 49 56 17 40 26 63 82 35 49 98 9 78 5 11 45 6 31 76 96 54 30 71 28 14 23 31 48 8 50 93 96 98 49 13 37 74 27 70 61 76 20 69 53 76 79 97 81 10 24 28 63 6 99 91 19 21 73 67 81 74 59 76 71 7 40 59 33 67 80 93 42 99 13 46 27 91 94 59 52 69 87 67 74 37 9
144 9 81 59 41 54 69 69 76 28 8 86 60 74 65 4 67 16 16 12 42 58 57 100 62 26 38 28 99 26 36 43 35 68 53 75 73 22 43 48 49 51 33 60 76 49 15 43 64 82 6 57 39 15 9 100 40 46 79 90 24 14 33 58 81 85 84 53 58 27 52 58 29 84 17 4 85 83 98 48 64 56 5 55 22 13 6 61 10 85 2 33 50 34 42 83 71 26 35 80 4 39 38 32 74 6 87 58 41 37 6 4 44 62 58 65 26 16 25 87 100 26 20 49 12 13 31 34 38 18 13 41 8 2 24 81 60 11 91 100 99 96 3 42 9
137 6 34 80 82 72 79 59 43 79 70 56 62 55 45 31 20 86 38 21 61 70 80 71 60 31 69 7 86 62 15 50 67 100 29 48 72 7 7 14 37 28 69 98 83 66 28 2 51 17 74 63 87 6 86 46 36 6 53 21 68 67 70 34 19 98 34 90 56 40 55 45 19 76 42 1 41 22 54 43 38 28 5 24 33 90 22 68 48 74 41 15 92 62 48 10 12 33 51 19 24 58 63 43 33 57 43 25 78 97 67 67 76 23 43 8 65 64 27 12 37 19 26 28 81 25 90 92 58 92 10 81 49 25 75 81 81 18
110 58 66 23 76 41 98 18 100 62 81 26 73 17 45 50 97 77 26 38 20 35 29 81 16 78 5 90 10 85 59 67 94 76 41 70 16 38 87 67 51 68 45 75 36 89 24 84 17 50 73 36 84 2 16 51 31 73 93 92 57 3 10 3 79 51 72 46 40 10 13 91 29 57 65 65 97 41 100 65 42 73 100 77 26 67 80 56 91 24 99 100 26 9 2 56 11 25 2 50 34 66 92 63 74 57 79 22 49 30 86
136 2 37 18 79 55 97 34 46 20 85 45 98 45 98 53 55 22 6 4 7 23 48 21 48 4 99 69 4 81 6 93 82 94 62 61 1 59 46 46 30 82 42 27 26 39 80 80 60 85 36 66 60 83 87 7 38 37 76 41 17 33 85 51 27 46 63 27 56 60 24 86 42 65 12 19 55 43 51 14 80 86 31 39 20 69 45 9 58 72 1 26 5 37 76 83 34 90 61 90 2 36 27 95 52 38 13 6 81 63 71 12 100 1 50 19 22 94 79 79 18 79 4 74 15 32 56 49 21 68 90 22 55 16 16 6 5
107 11 37 43 81 48 95 33 97 65 54 43 44 32 60 74 88 85 89 19 40 89 39 59 30 13 13 97 80 70 1 60 80 38 55 12 37 49 96 34 13 50 28 8 33 39 82 20 23 22 38 14 10 29 24 91 41 36 87 72 57 87 84 36 76 38 99 13 38 94 98 50 95 77 58 28 15 91 47 89 12 37 2 73 65 77 63 57 12 49 28 20 87 63 7 15 100 5 27 89 50 76 91 45 52 100 72 66
110 70 6 1 6 59 73 70 35 35 78 98 35 58 17 73 20 23 87 72 27 65 60 28 40 50 72 91 49 95 8 38 65 13 90 70 71 62 92 5 48 69 2 34 26 18 59 46 40 45 69 18 62 28 46 1 78 69 44 78 64 51 68 28 16 57 49 86 71 40 43 70 9 44 4 86 14 62 83 5 58 51 23 71 79 20 72 8 88 67 37 51 69 56 78 84 65 27 70 35 18 64 4 78 7 59 64 72 72 98 77
120 49 99 52 79 70 75 38 57 41 26 8 10 82 37 93 46 15 14 80 33 77 35 10 36 46 25 7 17 23 83 98 23 33 50 1 2 24 90 59 17 15 18 26 96 54 70 41 21 36 72 53 12 59 14 47 4 39 6 20 13 88 70 35 73 71 35 74 46 76 84 62 90 1 39 38 7 9 78 27 44 2 31 7 60 44 6 15 34 11 86 46 50 55 80 22 25 66 48 23 41 31 84 83 32 23 20 90 83 49 16 78 2 98 84 61 41 89 27 27 51
108 72 53 19 4 74 96 69 21 18 62 4 1 44 35 75 15 24 9 63 91 86 65 88 22 77 80 62 56 6 13 68 78 65 86 33 90 33 1 63 50 14 66 3 9 52 29 23 27 38 38 17 23 54 56 44 82 35 6 37 93 70 4 22 86 42 54 27 74 54 89 76 68 6 30 76 57 58 51 83 95 88 51 70 93 6 65 74 93 22 11 85 91 14 6 28 7 59 55 33 64 95 8 83 1 89 11 57 46
134 92 93 100 42 14 92 100 78 65 92 100 75 76 42 41 81 22 47 91 76 31 54 70 90 37 22 78 47 79 24 7 22 68 58 63 81 49 62 58 13 53 9 40 80 3 80 60 76 78 2 3 9 56 24 98 92 46 76 38 76 51 96 97 70 53 59 50 1 73 59 65 77 20 56 57 74 35 68 49 65 70 51 25 25 74 22 68 19 49 5 94 51 52 42 20 4 1 69 56 25 80 20 1 99 76 9 72 62 29 72 78 98 22 2 74 47 76 41 66 76 97 11 27 48 53 98 3 5 67 58 29 98 29 81
119 56 42 19 18 70 90 47 67 63 49 92 9 24 84 74 51 80 37 77 79 41 75 81 45 93 90 25 90 18 57 37 74 98 7 43 67 48 89 85 10 89 28 18 64 11 44 15 42 32 91 20 72 17 52 68 61 41 92 2 59 100 38 84 98 96 26 16 43 66 53 4 55 32 22 70 43 17 84 84 48 27 4 71 95 7 38 56 48 81 57 58 80 47 41 29 42 18 97 37 83 1 40 89 32 13 11 74 81 94 10 80 72 65 50 67 71 39 22 18
150 78 75 51 24 67 79 18 84 27 6 19 27 45 59 59 10 69 84 90 15 93 70 86 57 71 52 80 10 73 97 28 3 24 78 78 42 9 47 26 35 52 96 14 97 6 72 6 75 7 47 89 52 68 26 60 39 78 39 48 2 88 27 56 11 57 34 52 17 80 29 3 32 76 16 80 82 87 37 56 46 83 96 97 51 21 56 41 50 95 40 4 82 18 59 44 74 92 47 42 24 28 45 7 3 60 86 84 99 74 91 44 8 38 40 58 11 95 50 60 41 89 63 74 7 22 17 32 65 64 74 40 43 18 46 45 29 83 81 27 56 71 22 64 9 61 73 19 8 23 30
140 63 93 74 69 66 42 53 82 5 26 22 47 95 19 44 75 2 24 2 9 46 75 24 54 88 49 24 95 23 54 46 85 98 19 6 15 61 58 48 17 83 69 16 29 40 11 3 93 34 56 1 79 31 77 85 18 25 60 64 47 13 61 31 62 80 36 28 92 93 76 60 27 96 27 7 35 37 62 27 70 17 80 1 99 56 85 68 80 44 83 26 9 44 8 22 75 44 50 66 88 77 25 67 72 52 25 7 40 86 85 10 55 64 62 53 71 98 73 50 41 55 27 1 98 35 75 72 78 76 89 17 52 66 83 23 69 8 81 8 45
101 69 99 81 30 4 52 27 76 53 20 82 80 72 32 14 46 3 43 21 44 59 24 9 94 47 77 53 79 36 97 96 5 48 29 86 51 32 13 78 84 84 11 63 55 42 76 1 45 18 73 40 29 97 48 22 95 76 26 73 11 22 21 67 69 49 53 71 80 17 100 63 100 11 78 54 52 5 6 48 75 31 87 3 27 86 76 73 13 1 45 76 74 17 42 95 65 46 17 96 62 17
101 61 79 88 67 82 44 24 30 18 54 68 72 32 6 99 4 18 99 49 93 73 17 87 19 82 32 35 29 46 51 39 58 29 78 24 63 22 48 44 91 53 63 63 85 68 13 88 38 12 88 30 36 5 68 54 38 100 88 66 45 91 57 2 71 34 78 33 7 77 76 98 29 39 12 13 58 24 53 95 87 40 77 22 44 44 27 33 95 67 99 91 57 55 93 27 40 22 12 47 50 87
100 78 77 7 43 35 30 95 29 69 86 5 90 30 49 69 14 95 35 12 86 91 18 30 69 58 51 80 56 100 19 51 29 47 57 71 81 38 17 62 6 3 66 48 84 66 16 97 61 50 61 46 92 30 75 12 39 77 44 94 28 62 44 56 8 52 79 41 90 95 2 95 49 19 42 32 37 9 81 49 58 93 46 1 22 72 13 61 48 56 6 27 69 2 82 28 53 12 68 42 59
142 89 7 40 82 91 28 91 23 76 100 15 21 1 36 44 65 48 43 72 6 69 40 7 50 67 11 62 87 5 72 7 93 78 98 74 20 25 16 42 52 16 56 24 68 44 67 32 43 9 3 48 77 94 6 79 60 17 92 98 21 63 5 65 92 54 90 12 79 6 53 82 21 9 6 88 4 72 71 46 33 73 46 9 66 3 39 77 19 30 27 91 44 83 55 36 36 45 47 66 50 51 48 22 11 53 9 14 76 79 12 8 3 57 69 20 11 7 96 30 89 74 72 84 56 27 71 92 23 17 57 24 20 56 45 30 8 5 44 36 35 55 43
123 63 63 8 73 22 55 54 62 29 26 45 84 4 16 75 78 84 84 1 3 91 97 33 99 53 28 86 87 34 80 75 48 43 82 20 64 88 26 25 16 3 21 52 58 36 78 35 72 61 87 74 52 35 58 2 87 85 87 25 18 66 99 65 60 32 37 23 19 14 99 87 68 20 38 25 7 15 11 78 28 49 4 31 83 61 32 69 98 70 93 67 87 43 84 99 26 72 21 44 85 72 82 52 43 19 28 49 34 90 79 13 38 82 43 20 94 74 40 91 95 84 10 33
140 93 31 3 64 4 98 48 75 80 51 69 50 30 17 83 19 95 95 56 28 89 27 22 14 18 64 8 53 73 93 30 65 23 84 80 78 81 79 52 12 29 72 62 10 89 44 28 35 91 35 15 79 13 36 93 30 51 52 82 24 44 63 40 19 46 20 96 79 98 100 90 79 71 51 40 11 47 68 46 89 54 60 19 67 47 63 48 97 15 82 72 10 96 64 80 42 35 76 72 84 75 61 14 97 64 54 8 10 73 5 98 26 64 68 44 62 31 92 10 97 25 34 6 20 49 86 13 83 13 84 66 39 97 32 35 60 85 42 69 57
133 18 34 61 85 30 74 15 73 84 63 97 69 21 16 17 6 81 99 70 64 16 8 60 99 94 71 83 36 39 91 33 8 77 46 93 6 71 59 78 6 22 74 74 42 41 90 99 21 40 20 37 8 27 48 6 20 19 41 7 9 31 92 17 59 89 61 64 11 71 41 17 44 66 90 37 59 32 87 31 23 6 19 30 84 67 88 56 37 28 14 45 10 57 13 69 97 25 32 8 96 25 24 91 42 65 28 100 96 14 83 19 20 1 100 55 19 87 10 55 66 24 52 76 80 16 96 77 41 79 84 88 3 59
TotCPUTime: 0.00 sec +  0.00 sec
Running testCases/test-4.txt
58 20
114 81 40 71 47 43 58 35 17 22 77 56 3 68 49 21 32 91 72 3 24 23 33 1 3 35 86 68 46 37 49 56 17 40 26 63 82 35 49 98 9 78 5 11 45 6 31 76 96 54 30 71 28 14 23 31 48 8 50 93 96 98 49 13 37 74 27 70 61 76 20 69 53 76 79 97 81 10 24 28 63 6 99 91 19 21 73 67 81 74 59 76 71 7 40 59 33 67 80 93 42 99 13 46 27 91 94 59 52 69 87 67 74 37 9
144 9 81 59 41 54 69 69 76 28 8 86 60 74 65 4 67 16 16 12 42 58 57 100 62 26 38 28 99 26 36 43 35 68 53 75 73 22 43 48 49 51 33 60 76 49 15 43 64 82 6 57 39 15 9 100 40 46 79 90 24 14 33 58 81 85 84 53 58 27 52 58 29 84 17 4 85 83 98 48 64 56 5 55 22 13 6 61 10 85 2 33 50 34 42 83 71 26 35 80 4 39 38 32 74 6 87 58 41 37 6 4 44 62 58 65 26 16 25 87 100 26 20 49 12 13 31 34 38 18 13 41 8 2 24 81 60 11 91 100 99 96 3 42 9
137 6 34 80 82 72 79 59 43 79 70 56 62 55 45 31 20 86 38 21 61 70 80 71 60 31 69 7 86 62 15 50 67 100 29 48 72 7 7 14 37 28 69 98 83 66 28 2 51 17 74 63 87 6 86 46 36 6 53 21 68 67 70 34 19 98 34 90 56 40 55 45 19 76 42 1 41 22 54 43 38 28 5 24 33 90 22 68 48 74 41 15 92 62 48 10 12 33 51 19 24 58 63 43 33 57 43 25 78 97 67 67 76 23 43 8 65 64 27 12 37 19 26 28 81 25 90 92 58 92 10 81 49 25 75 81 81 18
110 58 66 23 76 41 98 18 100 62 81 26 73 17 45 50 97 77 26 38 20 35 29 81 16 78 5 90 10 85 59 67 94 76 41 70 16 38 87 67 51 68 45 75 36 89 24 84 17 50 73 36 84 2 16 51 31 73 93 92 57 3 10 3 79 51 72 46 40 10 13 91 29 57 65 65 97 41 100 65 42 73 100 77 26 67 80 56 91 24 99 100 26 9 2 56 11 25 2 50 34 66 92 63 74 57 79 22 49 30 86
136 2 37 18 79 55 97 34 46 20 85 45 98 45 98 53 55 22 6 4 7 23 48 21 48 4 99 69 4 81 6 93 82 94 62 61 1 59 46 46 30 82 42 27 26 39 80 80 60 85 36 66 60 83 87 7 38 37 76 41 17 33 85 51 27 46 63 27 56 60 24 86 42 65 12 19 55 43 51 14 80 86 31 39 20 69 45 9 58 72 1 26 5 37 76 83 34 90 61 90 2 36 27 95 52 38 13 6 81 63 71 12 100 1 50 19 22 94 79 79 18 79 4 74 15 32 56 49 21 68 90 22 55 16 16 6 5
107 11 37 43 81 48 95 33 97 65 54 43 44 32 60 74 88 85 89 19 40 89 39 59 30 13 13 97 80 70 1 60 80 38 55 12 37 49 96 34 13 50 28 8 33 39 82 20 23 22 38 14 10 29 24 91 41 36 87 72 57 87 84 36 76 38 99 13 38 94 98 50 95 77 58 28 15 91 47 89 12 37 2 73 65 77 63 57 12 49 28 20 87 63 7 15 100 5 27 89 50 76 91 45 52 100 72 66
110 70 6 1 6 59 73 70 35 35 78 98 35 58 17 73 20 23 87 72 27 65 60 28 40 50 72 91 49 95 8 38 65 13 90 70 71 62 92 5 48 69 2 34 26 18 59 46 40 45 69 18 62 28 46 1 78 69 44 78 64 51 68 28 16 57 49 86 71 40 43 70 9 44 4 86 14 62 83 5 58 51 23 71 79 20 72 8 88 67 37 51 69 56 78 84 65 27 70 35 18 64 4 78 7 59 64 72 72 98 77
120 49 99 52 79 70 75 38 57 41 26 8 10 82 37 93 46 15 14 80 33 77 35 10 36 46 25 7 17 23 83 98 23 33 50 1 2 24 90 59 17 15 18 26 96 54 70 41 21 36 72 53 12 59 14 47 4 39 6 20 13 88 70 35 73 71 35 74 46 76 84 62 90 1 39 38 7 9 78 27 44 2 31 7 60 44 6 15 34 11 86 46 50 55 80 22 25 66 48 23 41 31 84 83 32 23 20 90 83 49 16 78 2 98 84 61 41 89 27 27 51
108 72 53 19 4 74 96 69 21 18 62 4 1 44 35 75 15 24 9 63 91 86 65 88 22 77 80 62 56 6 13 68 78 65 86 33 90 33 1 63 50 14 66 3 9 52 29 23 27 38 38 17 23 54 56 44 82 35 6 37 93 70 4 22 86 42 54 27 74 54 89 76 68 6 30 76 57 58 51 83 95 88 51 70 93 6 65 74 93 22 11 85 91 14 6 28 7 59 55 33 64 95 8 83 1 89 11 57 46
134 92 93 100 42 14 92 100 78 65 92 100 75 76 42 41 81 22 47 91 76 31 54 70 90 37 22 78 47 79 24 7 22 68 58 63 81 49 62 58 13 53 9 40 80 3 80 60 76 78 2 3 9 56 24 98 92 46 76 38 76 51 96 97 70 53 59 50 1 73 59 65 77 20 56 57 74 35 68 49 65 70 51 25 25 74 22 68 19 49 5 94 51 52 42 20 4 1 69 56 25 80 20 1 99 76 9 72 62 29 72 78 98 22 2 74 47 76 41 66 76 97 11 27 48 53 98 3 5 67 58 29 98 29 81
119 56 42 19 18 70 90 47 67 63 49 92 9 24 84 74 51 80 37 77 79 41 75 81 45 93 90 25 90 18 57 37 74 98 7 43 67 48 89 85 10 89 28 18 64 11 44 15 42 32 91 20 72 17 52 68 61 41 92 2 59 100 38 84 98 96 26 16 43 66 53 4 55 32 22 70 43 17 84 84 48 27 4 71 95 7 38 56 48 81 57 58 80 47 41 29 42 18 97 37 83 1 40 89 32 13 11 74 81 94 10 80 72 65 50 67 71 39 22 18
150 78 75 51 24 67 79 18 84 27 6 19 27 45 59 59 10 69 84 90 15 93 70 86 57 71 52 80 10 73 97 28 3 24 78 78 42 9 47 26 35 52 96 14 97 6 72 6 75 7 47 89 52 68 26 60 39 78 39 48 2 88 27 56 11 57 34 52 17 80 29 3 32 76 16 80 82 87 37 56 46 83 96 97 51 21 56 41 50 95 40 4 82 18 59 44 74 92 47 42 24 28 45 7 3 60 86 84 99 74 91 44 8 38 40 58 11 95 50 60 41 89 63 74 7 22 17 32 65 64 74 40 43 18 46 45 29 83 81 27 56 71 22 64 9 61 73 19 8 23 30
140 63 93 74 69 66 42 53 82 5 26 22 47 95 19 44 75 2 24 2 9 46 75 24 54 88 49 24 95 23 54 46 85 98 19 6 15 61 58 48 17 83 69 16 29 40 11 3 93 34 56 1 79 31 77 85 18 25 60 64 47 13 61 31 62 80 36 28 92 93 76 60 27 96 27 7 35 37 62 27 70 17 80 1 99 56 85 68 80 44 83 26 9 44 8 22 75 44 50 66 88 77 25 67 72 52 25 7 40 86 85 10 55 64 62 53 71 98 73 50 41 55 27 1 98 35 75 72 78 76 89 17 52 66 83 23 69 8 81 8 45
101 69 99 81 30 4 52 27 76 53 20 82 80 72 32 14 46 3 43 21 44 59 24 9 94 47 77 53 79 36 97 96 5 48 29 86 51 32 13 78 84 84 11 63 55 42 76 1 45 18 73 40 29 97 48 22 95 76 26 73 11 22 21 67 69 49 53 71 80 17 100 63 100 11 78 54 52 5 6 48 75 31 87 3 27 86 76 73 13 1 45 76 74 17 42 95 65 46 17 96 62 17
101 61 79 88 67 82 44 24 30 18 54 68 72 32 6 99 4 18 99 49 93 73 17 87 19 82 32 35 29 46 51 39 58 29 78 24 63 22 48 44 91 53 63 63 85 68 13 88 38 12 88 30 36 5 68 54 38 100 88 66 45 91 57 2 71 34 78 33 7 77 76 98 29 39 12 13 58 24 53 95 87 40 77 22 44 44 27 33 95 67 99 91 57 55 93 27 40 22 12 47 50 87
100 78 77 7 43 35 30 95 29 69 86 5 90 30 49 69 14 95 35 12 86 91 18 30 69 58 51 80 56 100 19 51 29 47 57 71 81 38 17 62 6 3 66 48 84 66 16 97 61 50 61 46 92 30 75 12 39 77 44 94 28 62 44 56 8 52 79 41 90 95 2 95 49 19 42 32 37 9 81 49 58 93 46 1 22 72 13 61 48 56 6 27 69 2 82 28 53 12 68 42 59
142 89 7 40 82 91 28 91 23 76 100 15 21 1 36 44 65 48 43 72 6 69 40 7 50 67 11 62 87 5 72 7 93 78 98 74 20 25 16 42 52 16 56 24 68 44 67 32 43 9 3 48 77 94 6 79 60 17 92 98 21 63 5 65 92 54 90 12 79 6 53 82 21 9 6 88 4 72 71 46 33 73 46 9 66 3 39 77 19 30 27 91 44 83 55 36 36 45 47 66 50 51 48 22 11 53 9 14 76 79 12 8 3 57 69 20 11 7 96 30 89 74 72 84 56 27 71 92 23 17 57 24 20 56 45 30 8 5 44 36 35 55 43
123 63 63 8 73 22 55 54 62 29 26 45 84 4 16 75 78 84 84 1 3 91 97 33 99 53 28 86 87 34 80 75 48 43 82 20 64 88 26 25 16 3 21 52 58 36 78 35 72 61 87 74 52 35 58 2 87 85 87 25 18 66 99 65 60 32 37 23 19 14 99 87 68 20 38 25 7 15 11 78 28 49 4 31 83 61 32 69 98 70 93 67 87 43 84 99 26 72 21 44 85 72 82 52 43 19 28 49 34 90 79 13 38 82 43 20 94 74 40 91 95 84 10 33
140 93 31 3 64 4 98 48 75 80 51 69 50 30 17 83 19 95 95 56 28 89 27 22 14 18 64 8 53 73 93 30 65 23 84 80 78 81 79 52 12 29 72 62 10 89 44 28 35 91 35 15 79 13 36 93 30 51 52 82 24 44 63 40 19 46 20 96 79 98 100 90 79 71 51 40 11 47 68 46 89 54 60 19 67 47 63 48 97 15 82 72 10 96 64 80 42 35 76 72 84 75 61 14 97 64 54 8 10 73 5 98 26 64 68 44 62 31 92 10 97 25 34 6 20 49 86 13 83 13 84 66 39 97 32 35 60 85 42 69 57
133 18 34 61 85 30 74 15 73 84 63 97 69 21 16 17 6 81 99 70 64 16 8 60 99 94 71 83 36 39 91 33 8 77 46 93 6 71 59 78 6 22 74 74 42 41 90 99 21 40 20 37 8 27 48 6 20 19 41 7 9 31 92 17 59 89 61 64 11 71 41 17 44 66 90 37 59 32 87 31 23 6 19 30 84 67 88 56 37 28 14 45 10 57 13 69 97 25 32 8 96 25 24 91 42 65 28 100 96 14 83 19 20 1 100 55 19 87 10 55 66 24 52 76 80 16 96 77 41 79 84 88 3 59
TotCPUTime: 0.00 sec +  0.00 sec
