(base) Hannas-MBP:codes hannakur$ ./bu.out  test-1.txt 
200000 2 2 3 7 1 
40 63 24 36 37 
CPU Time: 5.1e-05 seconds
(base) Hannas-MBP:codes hannakur$ ./bu.out  test-2.txt 
900000 4 1 10 24 31 18 14 5 34 4 32 16 43 7 29 5 1 19 6 10 30 26 1 5 9 2 32 1 11 8 
97 14 89 97 93 68 13 38 11 19 14 10 14 14 11 14 17 13 10 10 13 12 17 12 13 50 11 86 10 10 
CPU Time: 0.002812 seconds
(base) Hannas-MBP:codes hannakur$ ./bu.out  test-3.txt 
1750000 8 11 13 1 74 14 5 36 7 7 3 18 7 26 14 37 19 22 19 45 5 1 2 16 3 33 24 16 2 5 1 1 31 15 43 3 36 2 30 19 54 6 25 11 2 23 8 4 1 13 
95 97 98 92 99 96 96 97 95 97 83 72 12 10 12 10 13 13 10 10 17 92 11 18 11 11 13 11 26 10 31 17 15 11 11 11 11 21 12 12 12 10 10 11 40 12 10 13 41 12 
CPU Time: 0.00986 seconds
(base) Hannas-MBP:codes hannakur$ ./bu.out  test-4.txt 
2500000 87 27 63 2 3 9 18 11 33 40 7 3 11 31 6 3 38 92 36 14 61 3 2 17 115 17 23 10 9 28 78 39 1 20 19 26 61 9 61 1 5 1 14 29 36 20 4 24 70 12 2 4 26 32 2 3 5 3 4 63 5 22 9 89 1 20 1 36 22 32 12 30 17 5 4 4 47 44 66 26 13 43 40 21 19 4 6 66 41 13 4 20 40 4 74 
96 97 99 63 98 92 97 98 98 99 99 83 98 97 86 85 53 10 10 17 10 20 10 11 10 10 11 13 10 10 13 13 21 10 10 11 10 12 10 10 14 18 13 11 14 15 15 15 10 10 11 10 10 10 10 13 10 33 11 10 13 10 10 10 10 11 19 10 10 10 12 10 11 12 30 10 11 12 11 10 10 11 10 12 10 14 20 10 11 15 17 10 12 13 10 
CPU Time: 0.04016 seconds
